0101
0403
6010
0700
2F80
0008
0000
129A
34AC
1AE0
0000
0000
0056
0001
92C7
356A
0150
3070
744A
6761
7348
0031
0000
0000
0000
0000
4400
6769
6C69
6E65
2074
544A
4741
482D
3153
0000
0000
0000
0000
0000
0000
0011
0000
0000
0000
0000
0000
0000
0000
0000
0000
0000
0000
0000
0000
0000
0000
0000
0000
0000
0000
0000
0000
0000
0000
0000
0000
0000
0000
0000
0000
0000
0000
0000
0000
0000
0000
0312
0044
0069
0067
0069
006C
0065
006E
0074
0334
0044
0069
0067
0069
006C
0065
006E
0074
0020
0041
0064
0065
0070
0074
0020
0055
0053
0042
0020
0044
0065
0076
0069
0063
0065
031A
0032
0031
0030
0032
0030
0035
0033
0031
0033
0039
0038
0033
0302
0000
FAA2
